l 0.00000000000000000000 0.15384615384615384616
k 0.15384615384615384616 0.32478632478632478631
d 0.32478632478632478631 0.35042735042735042734
j 0.35042735042735042734 0.41880341880341880341
a 0.41880341880341880341 0.65811965811965811963
f 0.65811965811965811963 0.70940170940170940169
  0.70940170940170940169 0.76068376068376068375
; 0.76068376068376068375 0.76923076923076923075
- 0.76923076923076923075 0.81196581196581196581
o 0.81196581196581196581 0.82905982905982905981
e 0.82905982905982905981 0.84615384615384615382
n 0.84615384615384615382 0.87179487179487179482
3 0.87179487179487179482 0.95726495726495726489
# 0.95726495726495726489 0.99145299145299145294
$ 0.99145299145299145294 0.99999999999999999995
0.03244967524938147108
0.23226892131143461739
0.22171513056164982025
0.82394448983462761221
0.02481355756685843517
0.80708829470387399851
0.31364797498099505901
0.55056183620035881177
0.99114327132701873779
